Intervalo: 1967 - 2025
--- Dados Anuais ---
 Ano_Publicacao  Total_Publicacoes  ML_Publicacoes  Moving_Avg_3y
           1967                1.0             1.0            NaN
           1968                0.0             0.0            NaN
           1969                2.0             0.0       1.000000
           1970                0.0             0.0       0.666667
           1971                0.0             0.0       0.666667
           1972                0.0             0.0       0.000000
           1973                0.0             0.0       0.000000
           1974                0.0             0.0       0.000000
           1975                0.0             0.0       0.000000
           1976                0.0             0.0       0.000000
           1977                1.0             0.0       0.333333
           1978                0.0             0.0       0.333333
           1979                0.0             0.0       0.333333
           1980                0.0             0.0       0.000000
           1981                1.0             0.0       0.333333
           1982                0.0             0.0       0.333333
           1983                0.0             0.0       0.333333
           1984                0.0             0.0       0.000000
           1985                0.0             0.0       0.000000
           1986                0.0             0.0       0.000000
           1987                0.0             0.0       0.000000
           1988                1.0             0.0       0.333333
           1989                0.0             0.0       0.333333
           1990                0.0             0.0       0.333333
           1991                0.0             0.0       0.000000
           1992                0.0             0.0       0.000000
           1993                0.0             0.0       0.000000
           1994                0.0             0.0       0.000000
           1995                0.0             0.0       0.000000
           1996                0.0             0.0       0.000000
           1997                0.0             0.0       0.000000
           1998                0.0             0.0       0.000000
           1999                1.0             0.0       0.333333
           2000                0.0             0.0       0.333333
           2001                1.0             0.0       0.666667
           2002                0.0             0.0       0.333333
           2003                0.0             0.0       0.333333
           2004                0.0             0.0       0.000000
           2005                2.0             0.0       0.666667
           2006                0.0             0.0       0.666667
           2007                1.0             1.0       1.000000
           2008                0.0             0.0       0.333333
           2009                1.0             0.0       0.666667
           2010                3.0             0.0       1.333333
           2011                1.0             0.0       1.666667
           2012                5.0             1.0       3.000000
           2013                3.0             2.0       3.000000
           2014                4.0             2.0       4.000000
           2015                5.0             2.0       4.000000
           2016                3.0             2.0       4.000000
           2017                0.0             0.0       2.666667
           2018               13.0             4.0       5.333333
           2019                7.0             1.0       6.666667
           2020                5.0             2.0       8.333333
           2021                4.0             1.0       5.333333
           2022                5.0             1.0       4.666667
           2023                8.0             4.0       5.666667
           2024                4.0             2.0       5.666667
           2025                6.0             5.0       6.000000

--- Análise de Períodos ---
Anos com mais de 2 publicações:
2010
2012
2013
2014
2015
2016
2018
2019
2020
2021
2022
2023
2024
2025

Total Papers: 88.0
Total ML Papers: 31.0
Ratio ML: 35.23%